000000000000
000000000004
000000000009
000000000014
000000000018
000000000023
000000000028
000000000032
000000000037
000000000042
000000000046
000000000051
000000000056
000000000060
000000000065
000000000070
000000000074
000000000079
000000000084
000000000088
000000000093
000000000098
000000000102
000000000107
000000000112
000000000116
000000000121
000000000126
000000000130
000000000135
111000000000
111000000004
111000000009
112000000004
112000000008
113000000003
113000000008
114000000002
114000000007
121000000002
121000000007
122000000001
122000000006
123000000001
123000000005
124000000000
124000000005
211000000000
211000000004
211000000009
212000000004
212000000008
213000000003
213000000008
214000000002
214000000007
221000000002
221000000007
222000000001
222000000006
223000000001
223000000005
224000000000
224000000005
311000000000
311000000004
311000000009
312000000004
312000000008
313000000003
313000000008
314000000002
314000000007
321000000002
321000000007
322000000001
322000000006
323000000001
323000000005
324000000000
324000000005
411000000000
411000000004
412000000003
413000000003
414000000002
421000000002
422000000001
423000000001
424000000000
511000000000
511000000004
512000000003
513000000003
514000000002
521000000002
522000000001
523000000001
524000000000
611000000000
611000000004
612000000003
613000000003
614000000002
621000000002
622000000001
623000000001
624000000000
711000000000
711000000004
712000000003
713000000003
714000000002
721000000002
722000000001
723000000001
724000000000
811000000000
811000000004
811000000009
812000000004
812000000008
813000000003
813000000008
814000000002
814000000007
821000000002
821000000007
822000000001
822000000006
823000000001
823000000005
824000000000
824000000005
911000000000
911000000004
911000000009
912000000004
912000000008
913000000003
913000000008
914000000002
914000000007
921000000002
921000000007
922000000001
922000000006
923000000001
923000000005
924000000000
924000000005
